160.5
8.57
13.07
13.07
13.07
-50
-50
-50
-50
-50
13.07
160.5
8.57
160.5
8.57
160.5
8.57
13.07
-50
-2.5
-2
13.07
-50
-50
13.07
-50
160.5
160.5
160.5
160.5
8.57
13.07
160.5
8.57
13.07
160.5
8.57
13.07
160.5
160.5
160.5
160.5
160.5
160.5
160.5
160.5
160.5
160.5
160.5
160.5
160.5
160.5
160.5
160.5
160.5
160.5
160.5
160.5
160.5
160.5
160.5
160.5
-50
-2.5
-2
-2
-50
-2.5
-2
160.5
160.5
160.5
160.5
160.5
160.5
160.5
160.5
160.5
160.5
160.5
160.5
160.5
160.5
160.5
160.5
160.5
160.5
160.5
160.5
160.5
160.5
160.5
160.5
160.5
160.5
160.5
160.5
160.5
160.5
160.5
160.5
8.57
13.07
13.07
8.57
160.5
160.5
160.5
160.5
8.57
160.5
8.57
160.5
160.5
160.5
160.5
160.5
160.5
160.5
8.57
13.07
-50
-2.5
-2
160.5
8.57
13.07
13.07
-50
-50
-2.5
-2
-2
